0 Brick, Modified 1 x 1 with Clip Vertical (open O clip) - Hollow Stud
0 Name:  30241b
0 Author:  Owen Burgoyne [C3POwen]

4 -1 -10.000 24.000 10.000 10.000 24.000 10.000 6.000 24.000 6.000 -6.000 24.000 6.000
4 -1 10.000 24.000 10.000 10.000 24.000 -10.000 6.000 24.000 -6.000 6.000 24.000 6.000
4 -1 10.000 24.000 -10.000 -10.000 24.000 -10.000 -6.000 24.000 -6.000 6.000 24.000 -6.000
4 -1 -10.000 24.000 -10.000 -10.000 24.000 10.000 -6.000 24.000 6.000 -6.000 24.000 -6.000
0 BFC INVERTNEXT
1 -1 0.000000 24.000000 0.000000 6.000000 0.000000 0.000000 0.000000 -20.000000 0.000000 0.000000 0.000000 6.000000 box5.dat
1 -1 0.000000 24.000000 0.000000 10.000000 0.000000 0.000000 0.000000 -24.000000 0.000000 0.000000 0.000000 10.000000 box4t.dat
4 -1 10.000 24.000 -10.000 4.191 16.000 -10.000 -4.191 16.000 -10.000 -10.000 24.000 -10.000
4 -1 -10.000 24.000 -10.000 -4.191 16.000 -10.000 -4.191 8.000 -10.000 -10.000 0.000 -10.000
4 -1 -10.000 0.000 -10.000 -4.191 8.000 -10.000 4.191 8.000 -10.000 10.000 0.000 -10.000
4 -1 10.000 0.000 -10.000 4.191 8.000 -10.000 4.191 16.000 -10.000 10.000 24.000 -10.000
2 -2 4.191 16.000 -10.000 -4.191 16.000 -10.000
2 -2 -4.191 16.000 -10.000 -4.191 8.000 -10.000
2 -2 4.191 8.000 -10.000 -4.191 8.000 -10.000
2 -2 4.191 16.000 -10.000 4.191 8.000 -10.000
1 -1 0.000000 12.000000 -20.000000 1.000000 0.000000 0.000000 0.000000 1.000000 0.000000 0.000000 0.000000 1.000000 clip5.dat
1 -1 0.000000 0.000000 0.000000 0.000000 0.000000 -1.000000 0.000000 1.000000 0.000000 1.000000 0.000000 0.000000 stud2.dat
