0 Plate, Modified 1 x 1 with Clip Vertical - Type 4 (thick open O clip)
0 Name:  4085d
0 Author:  Owen Burgoyne [C3POwen]

4 -1 -10.000 8.000 -10.000 -10.000 8.000 10.000 -6.000 8.000 6.000 -6.000 8.000 -6.000
4 -1 -10.000 8.000 10.000 10.000 8.000 10.000 6.000 8.000 6.000 -6.000 8.000 6.000
4 -1 10.000 8.000 10.000 10.000 8.000 -10.000 6.000 8.000 -6.000 6.000 8.000 6.000
3 -1 10.000 8.000 -10.000 4.191 8.000 -10.000 6.000 8.000 -6.000
3 -1 -10.000 8.000 -10.000 -6.000 8.000 -6.000 -4.191 8.000 -10.000
4 -1 4.191 8.000 -10.000 -4.191 8.000 -10.000 -6.000 8.000 -6.000 6.000 8.000 -6.000
0 BFC INVERTNEXT
1 -1 0.000000 8.000000 0.000000 6.000000 0.000000 0.000000 0.000000 -4.000000 0.000000 0.000000 0.000000 6.000000 box5.dat
1 -1 0.000000 4.000000 -10.000000 0.000000 0.000000 10.000000 4.000000 0.000000 0.000000 0.000000 20.000000 0.000000 box3u2p.dat
3 -1 -10.000 0.000 10.000 -10.000 0.000 -10.000 -4.191 0.000 -10.000
4 -1 -10.000 0.000 10.000 -4.191 0.000 -10.000 4.191 0.000 -10.000 10.000 0.000 10.000
3 -1 10.000 0.000 10.000 4.191 0.000 -10.000 10.000 0.000 -10.000
1 -1 -7.095400 4.000000 -10.000000 0.000000 0.000000 2.904550 4.000000 0.000000 0.000000 0.000000 1.000000 0.000000 rect3.dat
1 -1 0.000000 4.000000 -20.000000 1.000000 0.000000 0.000000 0.000000 1.000000 0.000000 0.000000 0.000000 1.000000 clip5.dat
1 -1 7.095400 4.000000 -10.000000 0.000000 0.000000 -2.904550 -4.000000 0.000000 0.000000 0.000000 1.000000 0.000000 rect3.dat
1 -1 0.000000 0.000000 0.000000 0.000000 0.000000 -1.000000 0.000000 1.000000 0.000000 1.000000 0.000000 0.000000 stud.dat
