0 FILE 64567.dat
0 Minifig, Weapon Lightsaber Hilt Straight
0 Name:  64567
0 Author:  Steve Bliss [sbliss]
1 -1 0.000000 0.000000 0.000000 1.000000 0.000000 0.000000 0.000000 1.000000 0.000000 0.000000 0.000000 1.000000 stud2a.dat
1 -1 0.000000 31.000000 0.000000 1.000000 0.000000 0.000000 0.000000 -1.250000 0.000000 0.000000 0.000000 -1.000000 stud2a.dat
1 -1 0.000000 3.000000 0.000000 4.000000 0.000000 0.000000 0.000000 1.000000 0.000000 0.000000 0.000000 4.000000 4-4disc.dat
1 -1 0.000000 3.000000 0.000000 4.000000 0.000000 0.000000 0.000000 1.000000 0.000000 0.000000 0.000000 4.000000 4-4edge.dat
0 BFC INVERTNEXT
1 -1 0.000000 0.000000 0.000000 4.000000 0.000000 0.000000 0.000000 3.000000 0.000000 0.000000 0.000000 4.000000 4-4cyli.dat
1 -1 0.000000 0.000000 0.000000 6.000000 0.000000 0.000000 0.000000 1.000000 0.000000 0.000000 0.000000 6.000000 4-4edge.dat
1 -1 0.000000 0.000000 0.000000 2.000000 0.000000 0.000000 0.000000 1.000000 0.000000 0.000000 0.000000 2.000000 4-4ring3.dat
1 -1 0.000000 0.000000 0.000000 8.000000 0.000000 0.000000 0.000000 4.500000 0.000000 0.000000 0.000000 8.000000 4-4cylo.dat
1 -1 0.000000 4.500000 0.000000 4.000000 0.000000 0.000000 0.000000 -1.000000 0.000000 0.000000 0.000000 -4.000000 4-4ring1.dat
1 -1 0.000000 4.500000 0.000000 4.000000 0.000000 0.000000 0.000000 2.000000 0.000000 0.000000 0.000000 4.000000 4-4cylo.dat
1 -1 0.000000 6.500000 0.000000 1.000000 0.000000 0.000000 0.000000 1.000000 0.000000 0.000000 0.000000 1.000000 4-4ring4.dat
1 -1 0.000000 6.500000 0.000000 5.000000 0.000000 0.000000 0.000000 2.000000 0.000000 0.000000 0.000000 5.000000 4-4cylo.dat
1 -1 0.000000 8.500000 0.000000 1.000000 0.000000 0.000000 0.000000 -1.000000 0.000000 0.000000 0.000000 -1.000000 4-4ring4.dat
1 -1 0.000000 8.500000 0.000000 4.000000 0.000000 0.000000 0.000000 2.000000 0.000000 0.000000 0.000000 4.000000 4-4cylo.dat
1 -1 0.000000 10.500000 0.000000 1.000000 0.000000 0.000000 0.000000 1.000000 0.000000 0.000000 0.000000 1.000000 4-4ring4.dat
1 -1 0.000000 10.500000 0.000000 5.000000 0.000000 0.000000 0.000000 2.000000 0.000000 0.000000 0.000000 5.000000 4-4cylo.dat
1 -1 0.000000 12.500000 0.000000 1.000000 0.000000 0.000000 0.000000 -1.000000 0.000000 0.000000 0.000000 -1.000000 4-4ring4.dat
1 -1 0.000000 12.500000 0.000000 4.000000 0.000000 0.000000 0.000000 15.500000 0.000000 0.000000 0.000000 4.000000 4-4cylo.dat
1 -1 0.000000 28.000000 0.000000 2.000000 0.000000 0.000000 0.000000 1.000000 0.000000 0.000000 0.000000 2.000000 4-4ring2.dat
1 -1 0.000000 28.000000 0.000000 6.000000 0.000000 0.000000 0.000000 2.500000 0.000000 0.000000 0.000000 6.000000 4-4cylo.dat
1 -1 0.000000 30.500000 0.000000 0.200000 0.000000 0.000000 0.000000 -1.000000 0.000000 0.000000 0.000000 -0.200000 4-4rin29.dat
1 -1 0.000000 30.500000 0.000000 5.800000 0.000000 0.000000 0.000000 0.500000 0.000000 0.000000 0.000000 5.800000 4-4cylo.dat
1 -1 0.000000 31.000000 0.000000 0.200000 0.000000 0.000000 0.000000 1.000000 0.000000 0.000000 0.000000 0.200000 4-4rin29.dat
1 -1 0.000000 31.000000 0.000000 6.000000 0.000000 0.000000 0.000000 1.000000 0.000000 0.000000 0.000000 6.000000 4-4edge.dat
0 BFC INVERTNEXT
1 -1 0.000000 29.000000 0.000000 4.000000 0.000000 0.000000 0.000000 2.000000 0.000000 0.000000 0.000000 4.000000 4-4cyli.dat
1 -1 0.000000 29.000000 0.000000 4.000000 0.000000 0.000000 0.000000 1.000000 0.000000 0.000000 0.000000 4.000000 4-4edge.dat
1 -1 0.000000 29.000000 0.000000 4.000000 0.000000 0.000000 0.000000 -1.000000 0.000000 0.000000 0.000000 -4.000000 4-4disc.dat
1 -1 7.500000 28.875000 0.000000 0.000000 -1.000000 0.000000 2.125000 0.000000 0.000000 0.000000 0.000000 1.750000 rect.dat
1 -1 0.000000 26.000000 0.000000 3.695518 0.000000 1.530734 0.000000 1.000000 0.000000 -1.530734 0.000000 3.695518 1-8edge.dat
2 -2 7.500 26.750 1.750 4.500 26.000 1.750
2 -2 7.500 26.750 -1.750 4.500 26.000 -1.750
2 -2 4.500 26.000 -1.750 4.500 26.000 1.750
3 -1 4.000 26.000 0.000 4.500 26.000 -1.750 4.500 26.000 1.750
3 -1 6.000 31.000 0.000 7.500 31.000 1.750 7.500 31.000 -1.750
4 -1 7.500 26.750 1.750 4.500 26.000 1.750 4.500 26.000 -1.750 7.500 26.750 -1.750
2 -2 3.696 26.000 1.531 3.549 26.000 1.750
2 -2 4.500 26.000 1.750 3.549 26.000 1.750
2 -2 3.549 26.000 1.750 3.549 28.000 1.750
2 -2 3.549 28.000 1.750 5.652 28.000 1.750
2 -2 5.652 28.000 1.750 5.652 30.500 1.750
2 -2 5.652 30.500 1.750 5.452 30.500 1.750
2 -2 5.452 30.500 1.750 5.452 31.000 1.750
2 -2 5.452 31.000 1.750 7.500 31.000 1.750
3 -1 4.000 26.000 0.000 4.500 26.000 1.750 3.696 26.000 1.531
3 -1 3.696 26.000 1.531 4.500 26.000 1.750 3.549 26.000 1.750
3 -1 6.000 31.000 0.000 5.652 31.000 1.750 7.500 31.000 1.750
3 -1 7.500 31.000 1.750 5.652 31.000 1.750 5.652 30.500 1.750
3 -1 7.500 26.750 1.750 5.652 28.000 1.750 4.500 26.000 1.750
4 -1 5.652 31.000 1.750 5.452 31.000 1.750 5.452 30.500 1.750 5.652 30.500 1.750
4 -1 7.500 31.000 1.750 5.652 30.500 1.750 5.652 28.000 1.750 7.500 26.750 1.750
4 -1 5.652 28.000 1.750 3.549 28.000 1.750 3.549 26.000 1.750 4.500 26.000 1.750
2 -2 3.696 26.000 -1.531 3.549 26.000 -1.750
2 -2 4.500 26.000 -1.750 3.549 26.000 -1.750
2 -2 3.549 26.000 -1.750 3.549 28.000 -1.750
2 -2 3.549 28.000 -1.750 5.652 28.000 -1.750
2 -2 5.652 28.000 -1.750 5.652 30.500 -1.750
2 -2 5.652 30.500 -1.750 5.452 30.500 -1.750
2 -2 5.452 30.500 -1.750 5.452 31.000 -1.750
2 -2 5.452 31.000 -1.750 7.500 31.000 -1.750
3 -1 3.696 26.000 -1.531 4.500 26.000 -1.750 4.000 26.000 0.000
3 -1 3.549 26.000 -1.750 4.500 26.000 -1.750 3.696 26.000 -1.531
3 -1 7.500 31.000 -1.750 5.652 31.000 -1.750 6.000 31.000 0.000
3 -1 5.652 30.500 -1.750 5.652 31.000 -1.750 7.500 31.000 -1.750
3 -1 4.500 26.000 -1.750 5.652 28.000 -1.750 7.500 26.750 -1.750
4 -1 5.652 30.500 -1.750 5.452 30.500 -1.750 5.452 31.000 -1.750 5.652 31.000 -1.750
4 -1 7.500 26.750 -1.750 5.652 28.000 -1.750 5.652 30.500 -1.750 7.500 31.000 -1.750
4 -1 4.500 26.000 -1.750 3.549 26.000 -1.750 3.549 28.000 -1.750 5.652 28.000 -1.750
1 -1 0.000000 28.875000 7.500000 0.000000 0.000000 -1.750000 2.125000 0.000000 0.000000 0.000000 -1.000000 0.000000 rect.dat
1 -1 0.000000 26.000000 0.000000 1.530734 0.000000 -3.695518 0.000000 1.000000 0.000000 3.695518 0.000000 1.530734 1-8edge.dat
2 -2 -1.750 26.750 7.500 -1.750 26.000 4.500
2 -2 1.750 26.750 7.500 1.750 26.000 4.500
2 -2 1.750 26.000 4.500 -1.750 26.000 4.500
3 -1 0.000 26.000 4.000 1.750 26.000 4.500 -1.750 26.000 4.500
3 -1 0.000 31.000 6.000 -1.750 31.000 7.500 1.750 31.000 7.500
4 -1 -1.750 26.750 7.500 -1.750 26.000 4.500 1.750 26.000 4.500 1.750 26.750 7.500
2 -2 -1.531 26.000 3.696 -1.750 26.000 3.549
2 -2 -1.750 26.000 4.500 -1.750 26.000 3.549
2 -2 -1.750 26.000 3.549 -1.750 28.000 3.549
2 -2 -1.750 28.000 3.549 -1.750 28.000 5.652
2 -2 -1.750 28.000 5.652 -1.750 30.500 5.652
2 -2 -1.750 30.500 5.652 -1.750 30.500 5.452
2 -2 -1.750 30.500 5.452 -1.750 31.000 5.452
2 -2 -1.750 31.000 5.452 -1.750 31.000 7.500
3 -1 0.000 26.000 4.000 -1.750 26.000 4.500 -1.531 26.000 3.696
3 -1 -1.531 26.000 3.696 -1.750 26.000 4.500 -1.750 26.000 3.549
3 -1 0.000 31.000 6.000 -1.750 31.000 5.652 -1.750 31.000 7.500
3 -1 -1.750 31.000 7.500 -1.750 31.000 5.652 -1.750 30.500 5.652
3 -1 -1.750 26.750 7.500 -1.750 28.000 5.652 -1.750 26.000 4.500
4 -1 -1.750 31.000 5.652 -1.750 31.000 5.452 -1.750 30.500 5.452 -1.750 30.500 5.652
4 -1 -1.750 31.000 7.500 -1.750 30.500 5.652 -1.750 28.000 5.652 -1.750 26.750 7.500
4 -1 -1.750 28.000 5.652 -1.750 28.000 3.549 -1.750 26.000 3.549 -1.750 26.000 4.500
2 -2 1.531 26.000 3.696 1.750 26.000 3.549
2 -2 1.750 26.000 4.500 1.750 26.000 3.549
2 -2 1.750 26.000 3.549 1.750 28.000 3.549
2 -2 1.750 28.000 3.549 1.750 28.000 5.652
2 -2 1.750 28.000 5.652 1.750 30.500 5.652
2 -2 1.750 30.500 5.652 1.750 30.500 5.452
2 -2 1.750 30.500 5.452 1.750 31.000 5.452
2 -2 1.750 31.000 5.452 1.750 31.000 7.500
3 -1 1.531 26.000 3.696 1.750 26.000 4.500 0.000 26.000 4.000
3 -1 1.750 26.000 3.549 1.750 26.000 4.500 1.531 26.000 3.696
3 -1 1.750 31.000 7.500 1.750 31.000 5.652 0.000 31.000 6.000
3 -1 1.750 30.500 5.652 1.750 31.000 5.652 1.750 31.000 7.500
3 -1 1.750 26.000 4.500 1.750 28.000 5.652 1.750 26.750 7.500
4 -1 1.750 30.500 5.652 1.750 30.500 5.452 1.750 31.000 5.452 1.750 31.000 5.652
4 -1 1.750 26.750 7.500 1.750 28.000 5.652 1.750 30.500 5.652 1.750 31.000 7.500
4 -1 1.750 26.000 4.500 1.750 26.000 3.549 1.750 28.000 3.549 1.750 28.000 5.652
1 -1 -7.500000 28.875000 0.000000 0.000000 1.000000 0.000000 2.125000 0.000000 0.000000 0.000000 0.000000 -1.750000 rect.dat
1 -1 0.000000 26.000000 0.000000 -3.695518 0.000000 -1.530734 0.000000 1.000000 0.000000 1.530734 0.000000 -3.695518 1-8edge.dat
2 -2 -7.500 26.750 -1.750 -4.500 26.000 -1.750
2 -2 -7.500 26.750 1.750 -4.500 26.000 1.750
2 -2 -4.500 26.000 1.750 -4.500 26.000 -1.750
3 -1 -4.000 26.000 0.000 -4.500 26.000 1.750 -4.500 26.000 -1.750
3 -1 -6.000 31.000 0.000 -7.500 31.000 -1.750 -7.500 31.000 1.750
4 -1 -7.500 26.750 -1.750 -4.500 26.000 -1.750 -4.500 26.000 1.750 -7.500 26.750 1.750
2 -2 -3.696 26.000 -1.531 -3.549 26.000 -1.750
2 -2 -4.500 26.000 -1.750 -3.549 26.000 -1.750
2 -2 -3.549 26.000 -1.750 -3.549 28.000 -1.750
2 -2 -3.549 28.000 -1.750 -5.652 28.000 -1.750
2 -2 -5.652 28.000 -1.750 -5.652 30.500 -1.750
2 -2 -5.652 30.500 -1.750 -5.452 30.500 -1.750
2 -2 -5.452 30.500 -1.750 -5.452 31.000 -1.750
2 -2 -5.452 31.000 -1.750 -7.500 31.000 -1.750
3 -1 -4.000 26.000 0.000 -4.500 26.000 -1.750 -3.696 26.000 -1.531
3 -1 -3.696 26.000 -1.531 -4.500 26.000 -1.750 -3.549 26.000 -1.750
3 -1 -6.000 31.000 0.000 -5.652 31.000 -1.750 -7.500 31.000 -1.750
3 -1 -7.500 31.000 -1.750 -5.652 31.000 -1.750 -5.652 30.500 -1.750
3 -1 -7.500 26.750 -1.750 -5.652 28.000 -1.750 -4.500 26.000 -1.750
4 -1 -5.652 31.000 -1.750 -5.452 31.000 -1.750 -5.452 30.500 -1.750 -5.652 30.500 -1.750
4 -1 -7.500 31.000 -1.750 -5.652 30.500 -1.750 -5.652 28.000 -1.750 -7.500 26.750 -1.750
4 -1 -5.652 28.000 -1.750 -3.549 28.000 -1.750 -3.549 26.000 -1.750 -4.500 26.000 -1.750
2 -2 -3.696 26.000 1.531 -3.549 26.000 1.750
2 -2 -4.500 26.000 1.750 -3.549 26.000 1.750
2 -2 -3.549 26.000 1.750 -3.549 28.000 1.750
2 -2 -3.549 28.000 1.750 -5.652 28.000 1.750
2 -2 -5.652 28.000 1.750 -5.652 30.500 1.750
2 -2 -5.652 30.500 1.750 -5.452 30.500 1.750
2 -2 -5.452 30.500 1.750 -5.452 31.000 1.750
2 -2 -5.452 31.000 1.750 -7.500 31.000 1.750
3 -1 -3.696 26.000 1.531 -4.500 26.000 1.750 -4.000 26.000 0.000
3 -1 -3.549 26.000 1.750 -4.500 26.000 1.750 -3.696 26.000 1.531
3 -1 -7.500 31.000 1.750 -5.652 31.000 1.750 -6.000 31.000 0.000
3 -1 -5.652 30.500 1.750 -5.652 31.000 1.750 -7.500 31.000 1.750
3 -1 -4.500 26.000 1.750 -5.652 28.000 1.750 -7.500 26.750 1.750
4 -1 -5.652 30.500 1.750 -5.452 30.500 1.750 -5.452 31.000 1.750 -5.652 31.000 1.750
4 -1 -7.500 26.750 1.750 -5.652 28.000 1.750 -5.652 30.500 1.750 -7.500 31.000 1.750
4 -1 -4.500 26.000 1.750 -3.549 26.000 1.750 -3.549 28.000 1.750 -5.652 28.000 1.750
1 -1 0.000000 28.875000 -7.500000 0.000000 0.000000 1.750000 2.125000 0.000000 0.000000 0.000000 1.000000 0.000000 rect.dat
1 -1 0.000000 26.000000 0.000000 -1.530734 0.000000 3.695518 0.000000 1.000000 0.000000 -3.695518 0.000000 -1.530734 1-8edge.dat
2 -2 1.750 26.750 -7.500 1.750 26.000 -4.500
2 -2 -1.750 26.750 -7.500 -1.750 26.000 -4.500
2 -2 -1.750 26.000 -4.500 1.750 26.000 -4.500
3 -1 0.000 26.000 -4.000 -1.750 26.000 -4.500 1.750 26.000 -4.500
3 -1 0.000 31.000 -6.000 1.750 31.000 -7.500 -1.750 31.000 -7.500
4 -1 1.750 26.750 -7.500 1.750 26.000 -4.500 -1.750 26.000 -4.500 -1.750 26.750 -7.500
2 -2 1.531 26.000 -3.696 1.750 26.000 -3.549
2 -2 1.750 26.000 -4.500 1.750 26.000 -3.549
2 -2 1.750 26.000 -3.549 1.750 28.000 -3.549
2 -2 1.750 28.000 -3.549 1.750 28.000 -5.652
2 -2 1.750 28.000 -5.652 1.750 30.500 -5.652
2 -2 1.750 30.500 -5.652 1.750 30.500 -5.452
2 -2 1.750 30.500 -5.452 1.750 31.000 -5.452
2 -2 1.750 31.000 -5.452 1.750 31.000 -7.500
3 -1 0.000 26.000 -4.000 1.750 26.000 -4.500 1.531 26.000 -3.696
3 -1 1.531 26.000 -3.696 1.750 26.000 -4.500 1.750 26.000 -3.549
3 -1 0.000 31.000 -6.000 1.750 31.000 -5.652 1.750 31.000 -7.500
3 -1 1.750 31.000 -7.500 1.750 31.000 -5.652 1.750 30.500 -5.652
3 -1 1.750 26.750 -7.500 1.750 28.000 -5.652 1.750 26.000 -4.500
4 -1 1.750 31.000 -5.652 1.750 31.000 -5.452 1.750 30.500 -5.452 1.750 30.500 -5.652
4 -1 1.750 31.000 -7.500 1.750 30.500 -5.652 1.750 28.000 -5.652 1.750 26.750 -7.500
4 -1 1.750 28.000 -5.652 1.750 28.000 -3.549 1.750 26.000 -3.549 1.750 26.000 -4.500
2 -2 -1.531 26.000 -3.696 -1.750 26.000 -3.549
2 -2 -1.750 26.000 -4.500 -1.750 26.000 -3.549
2 -2 -1.750 26.000 -3.549 -1.750 28.000 -3.549
2 -2 -1.750 28.000 -3.549 -1.750 28.000 -5.652
2 -2 -1.750 28.000 -5.652 -1.750 30.500 -5.652
2 -2 -1.750 30.500 -5.652 -1.750 30.500 -5.452
2 -2 -1.750 30.500 -5.452 -1.750 31.000 -5.452
2 -2 -1.750 31.000 -5.452 -1.750 31.000 -7.500
3 -1 -1.531 26.000 -3.696 -1.750 26.000 -4.500 0.000 26.000 -4.000
3 -1 -1.750 26.000 -3.549 -1.750 26.000 -4.500 -1.531 26.000 -3.696
3 -1 -1.750 31.000 -7.500 -1.750 31.000 -5.652 0.000 31.000 -6.000
3 -1 -1.750 30.500 -5.652 -1.750 31.000 -5.652 -1.750 31.000 -7.500
3 -1 -1.750 26.000 -4.500 -1.750 28.000 -5.652 -1.750 26.750 -7.500
4 -1 -1.750 30.500 -5.652 -1.750 30.500 -5.452 -1.750 31.000 -5.452 -1.750 31.000 -5.652
4 -1 -1.750 26.750 -7.500 -1.750 28.000 -5.652 -1.750 30.500 -5.652 -1.750 31.000 -7.500
4 -1 -1.750 26.000 -4.500 -1.750 26.000 -3.549 -1.750 28.000 -3.549 -1.750 28.000 -5.652
0 NOFILE
